254 254 254 255 254 254 255 254 254 255 255 254 255 254 254 254
254 254 254 254 253 254 254 254 254 254 254 255 254 254 254 254
254 254  62 254   4 254 254 254 255 254 254 254 254 253 254 254
254 228  64 246   1 253   0 254   0 254 254   5 247   0 253 254
253 224  83 246   1 254   0 254   0 254 254   8 247   0 253 254
253 219 112 246   2 254   0 254   0 254 255  12 247   1 253 254
254 210 144 246   2 254   1 254   0 254 254  23 247   0 254 254
254 197 164 245   3 254   1 254   0 254 254  32 247   0 254 254
254 209 174 245   3 254   1 255   0 254 254  35 248   0 254 253
254 254 183 245   3 254 254 255   0 253 254 254 248   0 254 254
254 254 188 245 254 254 254 255   0 254 254 255 248   0 254 254
254 254 188 245 254 254 254 253   1 254 254 254 248   0 254 254
254 254 254 244 253 254 254 254   1 254 253 254 254   2 254 254
253 254 254 254 254 253 254 254 254 254 253 254 254 254 255 254
254 254 254 254 254 254 255 254 254 255 254 254 254 254 254 254
254 254 254 254 254 255 254 254 254 253 254 254 254 254 254 254
254 254 254 255 254 254 255 254 254 255 255 254 255 254 254 254
254 254 254 254 254 254 254 254 254 254 254 254 254 254 254 254
254 254  59 254   2 254 254 254 255 254 254 254 254 253 253 254
254 228  64 246   2 254   1 254   1 254 254   5 247   2 253 254
254 224  82 247   2 254   1 254   1 254 253   8 247   1 253 254
253 218 111 246   2 254   1 254   1 254 255  13 246   2 253 254
254 210 141 246   3 254   2 254   1 253 254  21 247   1 254 254
254 197 161 245   4 254   1 254   1 254 255  32 247   1 254 254
254 209 172 245   4 254   2 255   1 253 254  35 248   1 254 253
254 254 180 245   4 254 254 254   1 253 254 254 248   1 254 254
254 254 186 245 254 254 254 255   1 254 254 255 248   2 254 254
254 254 184 245 254 254 254 251   2 254 254 254 248   1 254 254
254 254 254 244 254 254 254 254   2 254 254 254 254   2 254 254
254 254 254 254 254 253 253 254 254 254 253 254 254 254 255 254
254 254 254 254 254 254 255 254 254 254 254 254 254 255 254 254
254 254 254 254 254 255 254 254 254 255 254 254 254 254 254 254
254 254 254 255 254 254 255 254 254 255 255 254 255 254 254 254
255 254 254 254 254 254 254 254 254 254 254 254 254 254 254 254
254 254 229 254 210 254 254 254 255 255 254 254 254 254 254 254
254 250 227 253 217 254 216 254 216 255 254 218 254 216 254 254
254 250 229 254 218 254 216 254 215 254 253 218 253 214 254 254
253 249 230 253 218 254 217 254 216 254 255 221 254 214 254 254
254 248 237 253 216 254 215 254 214 254 254 219 254 214 254 254
254 246 242 254 215 254 215 254 214 254 255 217 253 215 254 254
254 249 243 254 215 254 217 255 214 254 254 218 254 214 254 253
254 254 245 253 212 254 254 254 215 254 254 254 254 215 254 254
254 254 245 254 254 254 254 255 215 254 254 255 254 216 254 254
254 254 246 253 254 254 254 251 216 254 254 254 254 215 254 254
254 254 254 254 254 254 254 254 213 254 254 254 254 222 254 254
254 254 254 254 254 253 253 254 254 254 253 254 254 254 255 253
254 254 254 254 254 254 255 254 254 254 254 254 254 255 254 254
254 254 254 254 254 255 254 254 254 255 254 254 254 254 254 254

254 254 254 254 254 254 254 254 253 254 254 254 254 254 254 254
254 254 254 253 253 253 254 254 254 254 254 254 254 255 254 254
254 254 253   0   0   1   0   0   0   0   0   0   2 254 254 254
255 254 254 247 247 247 247 247 248 248 248 248 254 254 254 254
254 255 254   5   8  12  23  32  35 254 255 254 254 254 254 254
255 254 254 254 254 255 254 254 254 254 254 254 253 253 254 254
255 254 254 254 254 254 254 254 254 253 254 254 254 254 255 253
254 254 255   0   0   0   0   0   0   0   0   1   1 254 254 254
254 254 254 254 254 254 254 254 255 255 255 253 254 254 254 254
255 254 254   0   0   0   1   1   1 254 254 254 254 254 255 254
254 254 254 253 254 254 254 254 254 254 254 254 254 253 254 255
254 253   4   1   1   2   2   3   3   3 254 254 253 254 254 254
255 254 254 246 246 246 246 245 245 245 245 245 244 254 254 254
254 254  62  64  83 112 144 164 174 183 188 188 254 254 254 254
254 254 254 228 224 219 210 197 209 254 254 254 254 254 254 254
254 254 254 254 253 253 254 254 254 254 254 254 254 253 254 254
254 254 254 254 254 254 254 254 253 254 254 254 254 254 254 254
254 254 253 253 253 253 254 254 254 254 254 254 254 255 254 254
254 254 253   2   1   2   1   1   1   1   2   1   2 254 255 254
255 254 254 247 247 246 247 247 248 248 248 248 254 254 254 254
254 254 254   5   8  13  21  32  35 254 255 254 254 254 254 254
255 254 254 254 253 255 254 255 254 254 254 254 254 253 254 254
255 254 254 254 254 254 253 254 253 253 254 254 254 254 254 255
254 254 255   1   1   1   1   1   1   1   1   2   2 254 254 254
254 254 254 254 254 254 254 254 255 254 255 251 254 254 254 254
255 254 254   1   1   1   2   1   2 254 254 254 254 253 255 254
254 254 254 254 254 254 254 254 254 254 254 254 254 253 254 255
254 254   2   2   2   2   3   4   4   4 254 254 254 254 254 254
255 254 254 246 247 246 246 245 245 245 245 245 244 254 254 254
254 254  59  64  82 111 141 161 172 180 186 184 254 254 254 254
254 254 254 228 224 218 210 197 209 254 254 254 254 254 254 254
254 254 254 254 254 253 254 254 254 254 254 254 254 254 254 254
254 254 254 254 254 254 254 254 253 254 254 254 254 253 254 254
254 254 254 254 254 254 254 254 254 254 254 254 254 255 254 254
254 254 254 216 214 214 214 215 214 215 216 215 222 254 255 254
255 254 254 254 253 254 254 253 254 254 254 254 254 254 254 254
254 254 254 218 218 221 219 217 218 254 255 254 254 254 254 254
255 254 254 254 253 255 254 255 254 254 254 254 254 253 254 254
255 254 255 255 254 254 254 254 254 254 254 254 254 254 254 255
254 254 255 216 215 216 214 214 214 215 215 216 213 254 254 254
254 254 254 254 254 254 254 254 255 254 255 251 254 254 254 254
255 254 254 216 216 217 215 215 217 254 254 254 254 253 255 254
254 254 254 254 254 254 254 254 254 254 254 254 254 253 254 255
254 254 210 217 218 218 216 215 215 212 254 254 254 254 254 254
255 254 254 253 254 253 253 254 254 253 254 253 254 254 254 254
254 254 229 227 229 230 237 242 243 245 245 246 254 254 254 254
254 254 254 250 250 249 248 246 249 254 254 254 254 254 254 254
254 255 254 254 254 253 254 254 254 254 254 254 254 254 254 254

252 253 253 253 253 253 253 253 253 253 253 253 253 253 253 253
253 253 252 253 253 253 253 253 253 253 253 253 253 253 253 253
253 253 241 250 253 253 253 248 250 253 253 253 243 252 253 253
253 253 120 186 253 253 253 170 195 253 253 253 175 239 253 253
253 253  70 124 253 253 253 132 135 253 253 253 151 151 253 253
253 237  70 111 252 253 242 132 133 252 253 230 151 121 253 253
253 163  70 111 240 253 211 132 133 244 253 165 150 121 251 253
253 134  68 111 122 253 204 131 132  70 253 155 150 121 131 253
252 132  67 110  99 253 205 131 132  41 242 154 150 120  81 253
249 132  66 109  99 253 205 131 130  41 231 153 150 119  79 253
249 131  65 109 100 253 205 131 128  41 231 153 150 116  81 253
250 128  65 108 100 253 205 128 126  43 234 153 150 114  82 253
253 129 100 118 118 253 204 138 133  79 252 152 176 115 141 253
253 190 243 214 238 253 222 243 212 240 253 185 249 187 249 253
253 253 253 253 253 253 253 253 253 253 253 253 253 253 253 253
253 253 253 253 253 253 253 253 253 253 253 253 253 253 253 253
252 253 252 253 253 253 253 253 252 253 253 253 253 253 253 253
253 253 252 253 253 253 253 253 253 253 253 253 253 253 253 253
253 253 241 250 253 253 253 248 250 253 253 253 243 252 253 253
253 253 120 186 253 253 253 170 196 253 253 253 175 239 253 253
253 253  70 123 253 253 253 132 135 253 253 253 151 151 253 253
253 237  70 111 252 253 242 132 133 252 253 230 151 121 253 253
253 163  70 111 240 253 211 132 133 244 253 165 150 121 251 253
253 134  69 111 122 253 205 132 132  70 252 155 150 121 131 253
252 132  68 110  99 253 205 131 132  41 242 154 150 120  81 253
249 132  66 109 100 253 205 132 131  41 231 153 150 119  79 253
249 131  66 109 100 253 205 131 128  42 231 153 150 116  81 253
250 129  66 108 100 253 205 128 126  43 234 153 150 114  82 253
253 130 100 118 119 253 204 138 133  80 252 152 176 115 141 253
253 190 243 214 238 253 222 243 212 240 253 185 249 187 249 253
253 253 253 253 253 253 253 253 253 253 253 253 253 253 253 253
253 253 253 253 253 253 253 253 253 253 253 253 253 253 253 253
253 253 253 253 253 253 253 253 253 253 253 253 253 253 253 253
253 253 253 253 253 253 253 253 253 253 253 253 253 253 253 253
253 253 251 252 253 253 253 251 252 253 253 253 251 252 253 253
253 253 232 242 253 253 253 240 243 253 253 253 241 250 253 253
253 253 224 232 253 253 253 234 233 253 253 253 237 235 253 253
253 250 224 231 252 253 251 234 232 252 253 249 236 231 253 253
253 239 223 231 251 253 245 233 232 251 253 238 237 230 253 253
253 234 223 231 232 253 245 233 232 225 252 237 237 231 233 253
253 234 223 229 227 253 246 233 232 219 251 236 237 231 226 253
252 233 223 230 227 253 246 233 232 219 249 237 237 230 225 253
252 233 222 229 228 253 246 233 232 220 249 237 237 230 226 253
252 233 222 230 227 253 245 234 231 220 250 237 236 229 226 253
253 233 229 231 231 253 245 235 233 225 252 237 241 230 235 253
253 243 251 246 250 253 247 251 246 251 253 241 252 242 252 253
253 253 253 253 253 253 253 253 253 253 253 253 253 253 253 253
253 253 253 253 253 253 253 253 253 253 253 253 253 253 253 253

253 253 253 253 253 253 253 253 253 253 253 253 253 253 253 253
253 253 253 253 253 253 251 131  81  79  81  82 141 249 253 253
253 253 252 239 151 121 121 121 120 119 116 114 115 187 253 253
253 253 243 175 151 151 150 150 150 150 150 150 176 249 253 253
253 253 253 253 253 230 165 155 154 153 153 153 152 185 253 253
253 253 253 253 253 253 253 253 242 231 231 234 252 253 253 253
253 253 253 253 253 252 244  70  41  41  41  43  79 240 253 253
253 253 250 195 135 133 133 132 132 130 128 126 133 212 253 253
253 253 248 170 132 132 132 131 131 131 131 128 138 243 253 253
253 253 253 253 253 242 211 204 205 205 205 205 204 222 253 253
253 253 253 253 253 253 253 253 253 253 253 253 253 253 253 253
253 253 253 253 253 252 240 122  99  99 100 100 118 238 253 253
253 253 250 186 124 111 111 111 110 109 109 108 118 214 253 253
253 252 241 120  70  70  70  68  67  66  65  65 100 243 253 253
253 253 253 253 253 237 163 134 132 132 131 128 129 190 253 253
252 253 253 253 253 253 253 253 252 249 249 250 253 253 253 253
253 253 253 253 253 253 253 253 253 253 253 253 253 253 253 253
253 253 253 253 253 253 251 131  81  79  81  82 141 249 253 253
253 253 252 239 151 121 121 121 120 119 116 114 115 187 253 253
253 253 243 175 151 151 150 150 150 150 150 150 176 249 253 253
253 253 253 253 253 230 165 155 154 153 153 153 152 185 253 253
253 253 253 253 253 253 253 252 242 231 231 234 252 253 253 253
253 253 253 253 253 252 244  70  41  41  42  43  80 240 253 253
252 253 250 196 135 133 133 132 132 131 128 126 133 212 253 253
253 253 248 170 132 132 132 132 131 132 131 128 138 243 253 253
253 253 253 253 253 242 211 205 205 205 205 205 204 222 253 253
253 253 253 253 253 253 253 253 253 253 253 253 253 253 253 253
253 253 253 253 253 252 240 122  99 100 100 100 119 238 253 253
253 253 250 186 123 111 111 111 110 109 109 108 118 214 253 253
252 252 241 120  70  70  70  69  68  66  66  66 100 243 253 253
253 253 253 253 253 237 163 134 132 132 131 129 130 190 253 253
252 253 253 253 253 253 253 253 252 249 249 250 253 253 253 253
253 253 253 253 253 253 253 253 253 253 253 253 253 253 253 253
253 253 253 253 253 253 253 233 226 225 226 226 235 252 253 253
253 253 252 250 235 231 230 231 231 230 230 229 230 242 253 253
253 253 251 241 237 236 237 237 237 237 237 236 241 252 253 253
253 253 253 253 253 249 238 237 236 237 237 237 237 241 253 253
253 253 253 253 253 253 253 252 251 249 249 250 252 253 253 253
253 253 253 253 253 252 251 225 219 219 220 220 225 251 253 253
253 253 252 243 233 232 232 232 232 232 232 231 233 246 253 253
253 253 251 240 234 234 233 233 233 233 233 234 235 251 253 253
253 253 253 253 253 251 245 245 246 246 246 245 245 247 253 253
253 253 253 253 253 253 253 253 253 253 253 253 253 253 253 253
253 253 253 253 253 252 251 232 227 227 228 227 231 250 253 253
253 253 252 242 232 231 231 231 229 230 229 230 231 246 253 253
253 253 251 232 224 224 223 223 223 223 222 222 229 251 253 253
253 253 253 253 253 250 239 234 234 233 233 233 233 243 253 253
253 253 253 253 253 253 253 253 253 252 252 252 253 253 253 253
